1 25 0.383764
1 26 0.383764
1 41 0.268240
1 42 0.316187
1 43 0.383764
1 44 0.383764
2 8 0.402359
2 13 0.575646
2 24 0.575646
2 34 0.346574
3 27 0.383764
3 33 0.383764
3 42 0.316187
3 43 0.383764
3 44 0.383764
3 53 0.383764
4 5 0.268240
4 16 0.383764
4 29 0.383764
4 34 0.231049
4 56 0.383764
4 60 0.316187
5 8 0.146313
5 12 0.209326
5 20 0.172465
5 31 0.209326
5 34 0.126027
5 42 0.172465
5 48 0.172465
5 50 0.209326
5 61 0.209326
5 63 0.209326
5 66 0.209326
6 5 0.123803
6 10 0.177122
6 16 0.177122
6 19 0.177122
6 30 0.145932
6 32 0.145932
6 40 0.177122
6 47 0.177122
6 48 0.145932
6 49 0.177122
6 55 0.177122
6 56 0.177122
6 60 0.145932
7 7 0.255843
7 15 0.255843
7 21 0.255843
7 39 0.255843
7 46 0.255843
7 51 0.255843
7 57 0.255843
7 61 0.255843
7 62 0.255843
8 4 0.321888
8 11 0.460517
8 18 0.460517
8 22 0.460517
8 36 0.460517
9 1 0.107296
9 3 0.153506
9 5 0.107296
9 23 0.153506
9 30 0.126475
9 32 0.126475
9 34 0.092420
9 37 0.153506
9 41 0.107296
9 46 0.153506
9 49 0.153506
9 50 0.153506
9 55 0.153506
9 64 0.153506
9 67 0.153506
10 4 0.201180
10 8 0.201180
10 12 0.287823
10 35 0.287823
10 36 0.287823
10 41 0.201180
10 58 0.287823
10 59 0.287823
11 4 0.178826
11 11 0.255843
11 28 0.255843
11 33 0.255843
11 45 0.255843
11 53 0.255843
11 54 0.255843
11 64 0.255843
11 65 0.255843
12 20 0.316187
12 30 0.316187
12 31 0.383764
12 32 0.316187
12 40 0.383764
12 47 0.383764
13 10 0.767528
13 18 0.767528
13 22 0.767528
14 1 0.201180
14 17 0.287823
14 25 0.287823
14 26 0.287823
14 35 0.287823
14 39 0.287823
14 41 0.201180
14 57 0.287823
15 2 0.460517
15 9 0.460517
15 14 0.379424
15 38 0.460517
15 52 0.460517
16 3 0.575646
16 19 0.575646
16 28 0.575646
16 54 0.575646
17 2 0.209326
17 5 0.146313
17 6 0.209326
17 9 0.209326
17 14 0.172465
17 15 0.209326
17 21 0.209326
17 34 0.126027
17 38 0.209326
17 60 0.172465
17 66 0.209326
18 1 0.229920
18 13 0.328941
18 24 0.328941
18 29 0.328941
18 52 0.328941
18 62 0.328941
18 65 0.328941
19 1 0.229920
19 7 0.328941
19 20 0.271017
19 23 0.328941
19 37 0.328941
19 45 0.328941
19 67 0.328941
20 4 0.146313
20 6 0.209326
20 8 0.146313
20 14 0.172465
20 17 0.209326
20 27 0.209326
20 48 0.172465
20 51 0.209326
20 58 0.209326
20 59 0.209326
20 63 0.209326
